300 600
18 224 821 739 45
14 157 790 178 6
94 172 779 759 97
16 89 696 876 22
229 257 299 755 88
214 270 686 696 26
238 265 654 930 51
94 249 148 110 54
239 257 618 191 72
55 280 201 890 40
46 213 601 380 50
241 254 850 248 62
176 284 406 488 66
74 175 779 848 14
177 227 325 835 48
147 236 417 317 38
183 297 709 834 100
20 103 725 519 65
38 206 862 262 11
93 291 939 272 15
144 241 671 810 9
209 236 539 892 65
83 226 840 717 7
8 183 694 949 1
45 241 730 412 47
40 60 222 616 47
88 156 161 498 71
12 139 987 362 8
120 143 393 473 4
55 64 406 670 65
134 172 667 575 98
138 167 446 324 95
36 126 244 993 69
10 84 436 638 50
120 213 288 338 64
139 297 379 113 37
112 288 795 696 67
42 142 585 832 69
253 265 801 857 28
43 300 118 777 99
203 205 678 575 61
10 91 552 418 42
14 279 349 911 57
21 114 882 242 40
69 132 639 669 34
134 222 461 437 48
66 226 297 354 62
12 149 272 898 20
126 198 834 420 34
150 194 920 452 3
19 50 803 153 22
29 155 726 864 52
135 168 256 620 24
2 295 991 226 26
1 106 547 339 24
132 256 491 489 65
206 252 674 153 5
89 159 938 344 12
6 290 516 310 91
203 235 882 426 100
3 39 684 224 96
27 162 708 267 15
57 161 218 106 79
171 199 800 518 46
72 217 195 929 44
146 296 955 106 30
164 229 983 552 51
2 24 243 304 49
226 266 757 549 53
18 140 298 764 79
150 284 165 388 33
7 186 171 817 74
118 159 388 691 41
29 65 438 630 23
173 295 767 244 96
40 140 554 742 51
140 251 514 573 12
26 181 121 515 85
112 114 441 395 96
131 162 618 761 60
223 224 972 611 1
92 189 212 955 68
140 245 150 234 8
86 217 519 177 67
96 281 346 454 38
31 261 707 942 57
122 139 703 386 88
66 75 650 170 37
86 129 369 175 16
18 116 401 731 1
11 232 297 161 97
174 217 317 168 57
68 167 765 430 85
5 270 369 939 69
121 251 392 236 19
160 292 979 301 62
150 258 115 219 11
119 177 119 285 32
89 289 568 766 14
78 189 488 289 79
92 168 841 630 71
58 286 913 393 3
1 27 944 654 83
278 279 658 337 23
227 260 644 261 80
172 248 444 625 58
120 232 1000 377 80
142 145 610 688 83
9 135 449 660 12
67 240 160 325 54
130 153 720 424 41
107 128 185 200 42
65 183 753 294 39
42 237 663 122 19
162 289 701 232 49
155 281 757 155 96
75 129 798 175 70
71 101 865 410 82
178 284 628 264 34
45 101 166 174 49
41 248 614 181 77
104 227 445 936 39
187 240 766 713 58
10 115 838 987 34
168 278 664 728 14
92 148 780 206 76
79 192 115 250 1
112 264 509 893 83
117 169 386 148 69
4 187 367 212 98
43 58 728 640 60
250 297 141 175 50
2 69 596 390 83
30 34 974 971 76
165 228 894 506 65
149 239 726 514 70
116 299 728 513 53
97 140 516 385 43
188 269 816 299 89
38 144 936 137 29
66 193 975 462 73
9 94 963 585 74
34 203 928 380 77
27 150 892 736 94
161 198 210 605 70
214 288 973 798 82
206 260 806 601 14
73 179 396 783 38
15 74 507 813 65
65 258 169 538 12
25 235 390 551 95
68 106 233 416 3
168 178 680 255 5
60 133 542 138 23
59 226 590 936 15
111 136 981 229 58
161 186 924 472 17
70 241 907 631 2
212 267 549 499 35
56 255 680 602 71
8 228 935 164 52
17 42 320 947 69
15 188 742 523 47
40 297 165 459 31
75 300 267 392 87
76 78 879 416 60
35 289 499 948 24
26 240 585 233 25
93 149 284 740 7
179 190 392 230 14
12 269 766 960 56
110 196 700 479 45
59 198 805 118 57
178 285 355 829 62
102 121 415 321 83
144 274 378 978 73
87 289 348 132 80
167 169 826 372 23
40 114 318 782 18
68 246 324 780 63
30 225 822 312 93
122 286 649 689 97
133 280 895 697 93
29 162 243 674 75
1 232 236 978 45
130 217 637 325 68
140 207 439 579 41
98 164 253 724 98
209 262 542 919 6
48 208 489 472 6
8 205 129 434 32
95 194 819 657 91
51 86 195 251 19
98 104 244 127 99
17 113 371 165 21
188 228 111 965 95
68 190 522 537 92
119 149 388 127 51
26 95 649 625 28
31 92 639 979 19
139 265 648 756 50
49 251 735 435 2
67 129 143 289 72
4 188 140 733 92
54 298 151 284 35
29 85 189 869 15
9 48 255 732 49
122 135 695 282 43
156 240 158 247 74
183 214 188 856 90
51 213 832 502 20
77 201 193 931 97
217 283 206 452 97
32 161 294 790 68
13 131 838 406 67
25 154 889 218 4
153 256 617 920 49
74 146 901 866 92
185 242 803 255 22
265 299 710 337 48
288 295 359 589 2
32 142 872 278 62
56 157 580 197 47
177 232 777 793 87
237 241 139 309 92
65 98 458 523 19
124 291 818 841 10
117 277 656 363 17
12 229 932 663 25
109 272 805 857 76
4 227 774 929 31
202 276 801 978 69
18 183 680 277 54
69 243 178 502 97
76 201 158 106 42
77 290 888 612 35
103 133 856 890 32
90 267 105 867 96
138 158 508 268 1
41 298 722 886 62
190 237 156 162 97
131 223 343 210 12
126 278 797 433 53
40 289 823 607 68
112 219 322 241 44
258 260 758 476 53
181 224 768 569 57
42 242 983 569 66
116 139 527 441 25
32 210 258 279 33
63 272 933 142 63
29 129 623 957 11
55 242 965 343 14
39 160 762 826 52
109 121 424 771 13
133 256 401 225 87
4 293 122 812 12
154 184 428 431 80
229 298 622 733 72
55 169 817 162 89
84 198 585 493 10
212 249 928 907 71
108 267 452 431 16
10 39 568 903 4
6 239 616 399 24
169 295 197 701 83
135 155 776 856 19
56 179 270 172 43
60 103 451 742 77
3 77 259 410 61
2 141 194 345 97
43 190 544 571 61
94 188 919 804 30
220 245 852 876 26
183 277 739 931 39
142 173 161 896 33
271 279 570 788 80
176 249 452 833 13
93 124 240 547 32
184 263 558 451 46
67 218 340 322 98
70 96 724 610 100
45 227 817 114 71
138 201 946 506 63
36 45 112 617 59
62 165 490 589 23
8 268 669 732 88
4 195 840 393 60
88 89 201 549 50
41 204 965 830 45
244 284 515 850 11
153 160 220 783 85
223 273 907 932 36
166 295 428 132 10
12 142 336 125 44
59 119 391 278 64
56 141 594 413 100
128 197 199 309 11
57 131 600 879 71
150 174 973 745 23
136 272 174 733 40
250 257 208 847 89
82 232 424 441 31
4 147 988 969 27
116 220 121 537 35
32 136 555 499 8
12 106 533 527 83
166 192 430 431 73
196 297 595 153 83
79 300 967 883 15
249 266 476 125 49
255 258 452 470 87
37 84 798 116 1
32 262 184 510 89
16 245 906 451 69
33 206 266 337 55
196 254 997 103 91
135 225 206 862 30
2 233 225 421 26
128 239 135 576 83
157 170 891 176 92
55 56 579 146 7
45 51 658 296 87
42 259 479 557 89
95 120 560 780 37
49 64 918 435 23
4 140 665 546 68
54 254 709 660 99
126 199 595 287 82
97 124 747 191 80
93 112 444 376 56
32 186 406 804 75
79 175 776 867 35
44 177 177 882 98
70 152 629 336 96
52 257 663 431 53
139 229 547 159 41
197 202 654 616 76
38 272 613 886 81
166 250 640 786 52
169 195 770 793 59
222 283 531 662 2
117 197 892 230 53
101 131 266 719 86
65 240 619 829 5
85 196 739 889 60
123 209 375 712 36
79 155 898 626 39
179 282 239 526 41
56 282 629 249 33
71 121 751 476 76
102 272 693 181 17
192 254 939 403 62
1 135 118 470 30
120 287 915 209 36
197 241 919 728 61
73 286 418 121 63
126 156 757 694 46
186 254 829 640 49
71 211 908 470 29
239 269 485 484 58
131 244 171 174 70
131 165 873 535 6
49 61 379 787 79
22 191 628 861 80
39 274 108 223 7
202 281 846 100 52
44 265 576 290 8
137 272 838 325 90
8 187 206 595 51
216 227 237 700 57
68 239 520 393 66
4 226 867 314 4
16 184 239 557 83
96 153 516 216 91
94 126 997 331 1
90 272 923 710 72
52 181 465 842 95
217 289 592 816 47
10 116 276 255 29
123 164 780 966 41
86 105 232 401 13
112 227 453 496 52
47 215 981 267 3
26 264 730 220 4
139 232 860 900 89
105 197 236 979 79
16 189 103 920 61
155 259 393 568 63
41 285 600 110 93
72 94 909 642 58
41 136 232 723 47
35 273 939 116 24
242 244 319 400 34
163 191 133 225 25
279 292 241 548 92
85 96 346 889 99
133 134 494 693 14
23 71 944 476 54
75 119 637 867 2
211 273 547 860 42
103 288 636 790 67
130 226 341 681 92
148 292 799 877 24
162 238 480 528 2
179 227 224 491 2
49 68 431 720 28
75 179 675 133 61
183 202 558 710 32
251 255 194 283 3
54 137 401 677 49
81 94 528 580 39
108 152 457 221 23
26 143 684 676 82
35 49 625 357 56
91 285 249 891 8
175 261 841 165 46
20 53 408 618 64
167 197 910 435 96
9 263 414 524 11
77 296 178 205 5
214 279 659 962 97
68 286 185 947 97
56 150 395 818 88
172 241 446 675 95
199 261 728 166 20
73 161 104 298 54
109 127 228 531 91
10 229 842 479 19
107 249 423 631 97
31 131 609 115 86
93 167 278 271 35
205 262 729 250 15
157 190 304 925 53
206 250 476 940 10
138 242 558 225 82
76 126 975 430 65
130 291 258 905 49
180 275 316 420 64
86 236 788 925 28
151 298 705 832 83
7 84 839 748 63
38 79 385 625 59
26 266 650 393 94
62 238 457 761 94
202 300 854 902 64
36 83 158 615 46
5 6 613 600 70
12 80 428 645 79
124 147 125 994 5
134 240 590 947 72
153 189 437 362 19
101 137 310 715 64
119 213 403 666 71
129 215 146 992 86
162 269 952 979 22
134 200 631 634 14
199 259 830 729 26
145 288 461 729 46
18 33 914 750 68
6 248 103 586 8
106 246 585 911 61
56 254 768 445 21
62 195 321 312 24
131 248 711 243 40
104 275 274 156 89
268 277 883 257 1
139 213 160 254 22
75 146 497 924 22
23 109 460 736 59
163 201 842 894 58
63 124 951 587 88
82 212 978 524 90
88 257 462 905 33
191 275 139 972 51
33 46 724 671 76
118 195 275 805 91
233 257 848 956 13
68 144 836 605 49
69 91 173 251 65
12 186 856 836 95
153 232 976 867 14
154 186 849 928 28
128 247 336 282 52
197 228 604 825 64
168 174 317 787 4
19 155 944 777 29
38 165 528 478 57
21 32 348 898 1
86 299 608 436 41
22 182 928 263 23
74 142 305 469 59
80 146 262 525 49
142 230 271 961 66
6 178 887 791 12
30 203 595 189 7
231 270 571 147 47
27 177 327 957 59
206 279 826 455 95
126 187 539 671 70
51 91 299 322 3
74 232 109 447 49
70 77 285 315 4
213 282 461 304 60
19 161 563 699 65
2 177 482 393 80
75 91 337 202 55
66 106 190 258 39
133 244 117 337 74
79 116 470 556 20
187 223 893 423 65
181 189 901 347 97
281 285 444 236 97
73 192 542 380 100
188 232 831 294 29
30 70 481 247 21
241 288 823 530 49
137 167 552 987 21
69 137 368 561 10
74 96 149 659 12
130 132 331 138 4
4 143 226 648 47
96 277 309 822 36
193 245 565 913 6
50 165 606 775 50
71 297 247 414 86
55 69 193 771 15
7 106 482 463 87
24 109 834 697 97
13 80 213 323 10
3 83 337 125 78
12 121 946 166 7
141 247 627 434 86
234 255 520 234 81
51 225 957 365 39
89 102 549 470 90
12 151 935 359 60
111 282 725 552 34
103 174 634 359 90
133 180 800 756 3
33 269 891 275 13
98 282 183 877 35
40 113 888 370 58
81 179 470 138 12
265 298 170 614 6
13 228 237 334 26
119 161 857 389 76
55 153 639 793 69
46 161 392 928 42
108 154 763 498 83
77 84 101 189 50
276 284 183 406 100
25 103 636 811 83
87 120 315 129 69
257 260 188 504 1
37 70 564 102 2
92 193 969 222 88
95 107 562 973 55
31 234 840 760 51
33 58 332 375 1
81 214 608 967 42
17 274 536 467 62
45 123 822 322 35
11 295 690 884 35
233 239 118 613 19
214 220 853 597 63
150 203 545 415 52
118 184 788 154 43
2 20 284 547 16
39 292 138 680 28
42 218 416 397 33
59 122 969 307 88
94 159 191 500 80
6 55 775 378 62
39 155 710 333 95
186 217 221 473 48
155 200 756 981 69
208 285 729 974 35
169 294 666 881 32
163 239 295 695 2
26 241 443 481 93
140 283 211 198 21
150 217 534 162 1
9 167 344 877 3
82 279 588 365 82
92 299 962 481 21
72 278 640 595 56
165 234 333 651 59
50 215 398 900 35
57 182 852 357 69
81 208 271 977 6
73 237 412 351 33
66 282 610 658 78
25 243 949 386 73
230 242 324 734 25
37 112 873 248 91
102 124 378 648 38
163 219 996 384 19
35 54 928 683 24
188 263 200 434 65
