500 1000
254 391 266 322 59
108 382 219 216 69
180 476 960 102 13
233 444 681 213 93
93 326 142 745 61
369 416 314 940 17
92 103 618 376 54
118 276 484 713 71
100 306 749 141 14
128 494 411 332 47
3 91 620 343 42
345 441 202 492 99
123 312 100 518 97
314 352 915 465 53
195 435 548 933 66
190 421 373 554 80
226 468 402 610 35
19 293 604 713 65
431 461 312 277 97
136 140 247 334 96
273 404 580 555 47
122 253 722 425 14
310 462 361 500 17
203 294 687 920 28
238 299 148 686 91
202 412 987 893 39
158 317 786 383 37
55 482 781 835 62
424 497 113 193 23
304 436 865 388 66
105 446 870 248 55
220 274 431 562 46
115 461 382 936 77
263 322 850 951 26
72 500 917 883 59
82 473 194 907 41
225 277 616 555 77
393 479 616 240 42
241 262 129 173 78
24 261 135 836 5
308 403 539 545 45
9 484 568 801 50
351 408 293 497 18
105 287 647 194 70
283 322 351 850 17
465 482 391 764 37
26 193 342 729 36
37 361 612 880 42
126 151 913 411 17
360 449 600 353 97
335 424 473 128 38
54 356 931 826 13
319 326 161 220 33
296 380 808 304 84
217 328 767 501 47
99 157 801 129 3
129 321 208 321 26
54 268 169 457 49
12 99 884 472 30
7 427 204 990 67
49 417 309 306 55
418 488 148 287 17
117 313 684 985 37
22 368 997 611 42
107 127 932 202 42
47 362 222 616 95
92 498 111 244 61
224 325 236 525 57
54 131 243 597 72
351 466 949 382 65
27 122 700 281 51
353 390 238 934 91
114 443 609 874 45
20 350 348 777 71
72 367 999 303 35
6 84 797 555 88
73 349 427 234 65
106 165 201 793 21
35 365 103 795 61
108 403 737 868 97
19 370 867 234 82
228 370 723 544 80
270 383 622 496 11
357 457 237 813 86
162 370 274 387 27
267 349 166 580 1
91 197 633 474 89
120 225 732 458 39
339 488 977 944 9
64 104 752 625 17
79 381 697 723 7
314 437 550 797 85
127 417 937 244 8
284 419 409 624 57
365 491 224 456 40
154 247 193 706 47
244 338 432 480 95
229 233 233 994 27
38 68 845 505 46
260 277 909 141 75
23 402 645 985 85
201 202 684 195 78
394 449 944 109 62
292 448 527 430 81
68 119 677 743 13
322 493 720 320 40
57 115 101 210 33
95 160 666 183 17
198 316 812 195 41
199 306 701 783 100
157 282 525 100 99
244 362 912 351 81
253 367 441 744 66
57 145 585 873 82
245 263 762 678 55
356 363 477 825 90
367 374 135 678 41
69 334 564 413 74
40 298 648 820 51
266 451 729 268 37
210 264 216 284 50
234 258 988 900 19
391 429 722 121 49
13 317 667 669 9
295 372 257 869 50
324 489 544 107 40
57 231 201 542 29
140 395 608 195 47
105 198 326 855 24
30 299 316 219 16
399 457 219 241 73
32 117 115 110 93
107 484 529 761 11
65 73 959 949 64
136 179 853 655 18
128 370 879 806 30
231 421 191 158 88
3 393 416 500 74
7 160 938 413 46
267 418 244 338 96
283 433 545 597 25
68 455 661 594 78
384 462 473 784 82
461 500 528 267 10
179 193 928 679 56
57 304 965 782 60
206 226 922 863 71
28 477 178 660 56
206 264 139 207 70
93 141 637 956 89
10 11 520 890 21
185 247 632 992 94
204 209 860 119 83
84 493 307 572 23
193 217 463 345 88
63 383 725 582 75
120 370 422 732 84
35 302 458 510 2
228 441 289 608 5
94 188 450 957 51
137 194 127 214 85
320 460 856 585 18
11 494 420 942 47
247 252 586 657 38
113 308 867 932 25
139 400 542 564 1
342 442 573 815 3
214 288 370 797 78
169 192 557 193 81
74 446 214 362 24
150 155 289 383 6
297 317 759 904 24
343 461 354 186 39
56 335 397 535 97
65 274 299 558 1
266 422 894 892 33
131 372 894 948 76
234 235 228 317 27
22 319 774 801 75
350 475 359 470 26
124 186 345 242 21
397 431 597 691 50
161 475 769 492 13
202 276 937 139 23
300 355 733 509 18
123 155 956 679 92
150 203 347 319 55
283 487 300 859 10
303 372 882 751 66
272 290 521 669 52
257 464 488 156 23
260 319 681 727 92
150 394 982 462 62
191 318 691 762 37
451 479 471 729 29
10 273 673 372 46
44 314 811 247 15
4 436 459 760 75
199 353 618 518 84
201 340 808 466 67
3 355 498 391 69
202 214 611 414 44
230 436 782 524 2
30 386 817 231 15
313 415 425 225 37
56 441 989 466 53
92 289 914 184 76
134 441 870 733 17
72 357 882 368 49
30 481 400 927 32
22 441 543 258 67
162 491 777 792 95
345 497 725 523 94
31 278 577 324 59
58 108 980 613 51
98 288 279 254 29
76 180 130 967 17
249 272 359 744 74
215 233 427 591 88
109 412 780 978 15
354 365 985 1000 76
44 286 242 264 81
149 417 395 564 88
232 296 570 958 99
174 200 809 654 42
113 263 613 360 77
325 381 744 537 94
7 102 195 570 35
56 77 850 762 78
25 182 695 955 41
53 271 752 554 16
49 310 276 313 56
235 465 168 989 16
396 457 230 631 65
429 451 954 947 26
359 434 986 589 30
371 445 602 295 92
12 334 500 508 86
207 326 255 109 16
39 193 897 244 67
54 296 196 413 70
367 381 815 408 39
126 472 175 557 90
40 118 394 604 15
383 434 308 739 18
55 378 372 480 99
321 400 357 951 3
310 413 694 613 13
130 310 298 785 20
70 80 610 529 57
303 347 103 517 5
192 469 772 829 19
148 326 185 271 84
13 393 342 294 13
4 289 465 578 48
278 381 645 247 12
117 143 239 596 77
296 352 575 314 33
176 416 298 861 73
151 420 759 720 43
249 467 886 237 12
171 456 603 762 81
24 367 564 435 52
178 422 928 769 31
37 315 513 390 16
354 478 836 358 19
32 39 225 713 64
67 205 570 101 72
33 355 949 843 91
239 299 850 804 95
191 192 940 595 98
338 433 594 571 63
108 389 506 245 59
34 457 272 181 45
93 273 445 774 70
273 318 186 240 78
127 201 688 121 68
142 189 287 883 53
75 295 109 824 9
229 299 910 316 34
275 363 555 435 69
57 228 707 849 29
56 218 678 312 50
9 123 949 579 52
210 431 472 887 41
212 263 474 507 38
152 453 291 176 11
223 452 103 553 39
102 313 635 752 43
13 499 829 389 6
67 437 229 474 85
62 76 281 808 100
252 254 572 763 51
40 227 943 666 40
225 350 319 452 84
20 219 183 159 35
42 436 320 182 44
124 268 873 410 36
135 165 612 147 59
305 489 173 146 99
262 298 244 857 22
304 443 186 949 95
226 286 959 539 83
83 471 837 730 80
26 201 923 749 40
176 348 540 313 39
58 364 158 363 8
4 427 560 614 32
79 426 984 525 64
287 396 611 887 38
326 328 1000 396 79
9 206 714 661 29
138 285 104 978 34
52 279 967 855 65
40 201 452 953 41
113 393 526 868 9
326 497 762 467 72
452 477 887 707 69
51 207 274 417 25
251 289 843 112 46
55 342 337 469 81
34 448 306 550 25
119 339 838 504 8
60 82 399 850 92
148 472 744 110 97
128 281 114 123 86
116 387 644 967 46
76 320 671 999 84
75 333 175 748 66
256 389 687 496 85
218 389 184 221 49
269 359 347 746 16
30 350 421 227 23
141 292 642 306 89
296 384 716 692 53
113 306 510 712 68
49 55 434 276 47
297 359 753 362 24
252 263 903 828 85
268 272 594 732 7
122 483 328 472 47
381 488 267 597 59
67 390 756 871 7
133 180 784 512 95
77 306 705 878 81
97 248 429 694 43
246 455 177 832 42
174 289 931 954 53
177 253 741 954 62
481 490 348 344 44
5 108 818 610 74
17 35 265 495 4
129 188 188 721 39
223 256 459 774 50
352 383 713 100 71
126 275 513 844 88
100 404 693 568 17
21 33 731 941 98
407 423 888 543 62
200 298 568 981 29
17 415 692 960 43
24 74 683 118 10
110 430 194 268 82
264 378 558 959 82
227 400 961 726 80
52 138 189 590 65
40 226 296 630 51
101 402 697 156 62
214 274 213 524 61
304 428 286 872 54
376 410 159 325 14
11 144 730 105 35
49 151 480 667 15
300 380 299 928 6
230 455 655 348 25
240 319 108 988 9
223 488 646 305 63
244 423 535 642 93
140 190 543 525 15
269 331 457 165 40
168 201 636 812 5
51 209 864 493 63
137 207 827 839 73
111 477 248 299 31
228 471 616 295 47
241 453 717 416 49
397 420 287 806 85
61 146 321 437 86
271 362 376 717 28
247 374 749 537 45
150 424 143 151 65
226 481 851 377 19
130 213 851 962 41
209 341 193 769 45
208 398 194 568 44
263 297 375 262 100
371 423 516 893 93
322 474 231 909 44
439 497 325 570 89
37 113 525 461 15
270 461 824 957 72
5 19 924 445 100
112 315 387 151 8
136 255 296 817 60
114 237 288 259 82
408 455 614 828 96
80 426 786 708 51
50 156 611 229 100
21 208 642 788 73
295 298 188 933 4
187 340 436 513 43
171 250 466 350 77
41 328 735 516 27
168 265 392 558 36
449 479 501 809 89
37 70 624 461 1
195 247 355 205 7
367 470 153 943 38
315 494 719 869 86
160 415 928 371 81
124 439 923 230 39
135 183 387 686 45
88 194 890 139 10
49 230 754 930 68
175 191 869 592 44
368 449 519 862 15
353 373 817 492 42
27 497 477 159 34
112 389 654 290 70
17 61 358 811 93
193 229 510 525 5
331 461 207 446 66
183 259 949 296 79
93 445 222 870 51
235 404 117 694 21
288 404 240 218 84
185 429 559 321 60
95 159 950 802 82
225 259 968 135 47
58 435 567 249 39
174 498 831 488 44
104 379 979 398 1
245 341 810 811 42
90 463 761 998 63
23 313 733 941 91
409 431 924 693 43
90 314 312 236 63
8 206 161 305 74
130 383 181 207 61
167 358 201 640 84
174 378 504 403 9
344 355 866 660 79
11 86 599 329 65
230 453 236 482 13
333 401 361 265 7
172 433 919 637 13
21 376 328 130 67
332 479 368 329 13
263 422 869 307 35
298 498 152 961 39
15 44 342 690 83
22 98 741 603 20
31 38 242 834 61
115 231 288 374 91
434 486 685 373 92
1 461 533 686 21
25 497 702 216 43
118 486 981 388 68
7 98 683 829 56
169 359 859 641 81
84 235 437 105 52
7 40 197 267 2
111 497 338 322 11
137 385 512 237 38
173 218 382 136 11
103 320 945 904 67
164 376 109 518 8
2 389 811 202 24
91 482 485 824 1
173 396 359 266 57
155 360 220 580 32
116 234 352 678 99
16 263 325 396 53
350 369 211 516 45
43 44 335 876 97
117 221 914 742 96
163 350 671 609 29
10 343 832 245 67
47 274 431 477 8
318 472 447 672 24
100 484 711 345 66
73 167 655 144 16
363 368 437 323 80
315 447 283 495 86
325 385 861 174 40
23 112 840 115 18
180 464 440 521 23
267 317 117 881 4
257 389 937 622 9
22 257 506 701 13
68 429 856 471 53
395 462 828 1000 93
161 425 647 598 51
77 133 884 685 93
16 453 373 993 85
29 493 652 992 73
116 355 293 407 72
118 157 333 778 41
233 284 592 686 82
294 484 671 372 45
23 283 547 255 82
287 445 875 682 10
40 385 666 722 78
228 484 963 923 70
171 442 936 385 50
161 421 728 744 19
120 238 680 801 8
71 185 437 990 1
47 456 532 817 3
115 450 639 281 35
125 136 715 614 5
282 357 195 637 43
214 350 429 169 42
20 178 671 354 9
162 435 171 392 72
52 323 450 516 97
67 191 899 723 73
46 379 979 362 84
85 310 543 455 63
21 57 632 449 87
382 422 870 978 36
351 427 971 793 27
38 229 685 808 99
155 186 586 864 67
355 371 945 871 34
19 173 744 452 63
187 201 156 854 99
27 56 314 919 54
164 215 244 654 60
230 328 832 159 49
53 498 288 352 22
175 236 999 933 24
349 500 757 547 57
222 420 848 142 49
36 366 282 948 53
67 274 752 890 35
1 130 434 470 28
81 231 724 852 26
298 398 902 293 74
7 34 365 486 86
100 437 504 848 40
78 253 687 822 98
432 439 503 152 90
28 482 669 200 39
182 393 958 930 74
25 115 590 383 88
204 393 729 494 70
24 475 427 460 48
91 110 244 575 12
231 267 268 692 20
232 469 884 565 91
85 224 200 887 14
158 271 177 313 50
226 383 679 500 76
82 117 811 849 41
151 176 319 947 12
202 395 328 848 51
243 351 460 112 30
184 412 658 637 72
195 254 956 806 97
266 382 942 792 16
77 145 339 245 12
320 342 479 112 82
401 426 392 334 19
264 308 336 770 66
50 54 520 691 99
266 311 606 756 58
133 247 627 462 61
417 434 925 791 29
421 462 647 497 76
67 367 636 594 72
146 441 901 328 36
276 472 759 635 91
161 353 948 889 88
36 120 114 784 10
184 356 998 152 16
348 367 376 142 73
131 471 284 345 76
46 289 254 655 45
100 432 768 807 24
94 221 247 487 93
282 393 506 793 19
145 474 520 661 40
346 351 277 271 74
15 306 394 760 66
18 300 932 914 28
368 408 618 184 28
33 255 349 919 36
45 460 183 869 7
346 438 796 382 95
96 167 418 274 7
482 493 403 187 7
84 115 559 958 88
205 481 560 268 10
51 398 748 192 58
54 486 228 132 63
84 490 875 536 20
248 376 882 466 53
172 369 171 630 17
98 193 362 254 83
19 328 963 162 85
270 374 607 166 39
54 100 590 720 40
180 351 301 735 51
372 467 535 794 17
111 224 691 519 71
57 310 995 762 39
401 461 423 743 32
252 333 162 345 4
219 329 939 932 99
137 457 234 201 12
41 109 441 122 27
371 433 901 380 12
36 243 963 377 21
144 428 307 263 70
9 463 449 917 56
252 329 817 117 88
395 424 989 185 63
377 500 832 842 26
121 174 352 279 91
114 275 185 877 74
126 483 462 828 86
122 267 361 605 20
330 351 593 856 55
96 375 232 808 9
281 496 553 695 41
431 486 119 597 89
300 321 181 713 70
248 287 663 842 94
98 447 249 391 12
108 391 761 800 10
224 343 562 691 26
70 486 114 819 36
149 425 183 831 9
345 373 175 185 1
375 454 811 750 33
110 188 508 766 33
368 450 952 968 89
113 327 912 766 49
79 94 591 278 44
148 194 810 670 17
221 315 798 337 22
224 230 100 936 91
97 135 444 811 17
101 417 846 420 8
170 236 272 971 56
63 475 390 586 85
162 487 223 787 14
398 402 392 949 94
44 306 401 835 17
18 453 968 644 71
163 465 681 625 37
114 256 106 755 34
300 344 137 376 22
225 353 796 283 27
242 294 809 159 28
154 174 770 257 91
202 469 986 389 88
267 374 438 763 67
311 440 236 348 58
252 440 325 709 72
170 195 246 493 58
392 402 561 569 7
70 165 495 818 83
118 388 578 171 97
197 440 956 678 51
64 107 360 619 23
157 211 801 597 86
7 367 334 459 26
316 351 682 759 70
353 497 999 204 75
359 497 104 798 10
278 467 816 138 3
265 461 649 673 40
223 484 349 515 91
24 360 220 545 82
3 202 449 757 19
3 228 403 694 80
247 281 868 959 84
129 344 201 886 91
128 342 949 180 25
418 471 257 896 80
326 439 741 337 66
249 423 752 254 4
208 279 143 957 21
199 279 472 219 34
337 344 659 966 28
262 430 960 189 62
108 255 375 434 30
7 340 236 288 51
191 267 708 605 4
208 351 397 845 8
300 471 379 183 56
142 408 283 679 66
76 236 416 388 45
68 209 462 782 39
431 499 725 830 46
328 424 243 969 100
265 368 553 551 75
31 397 422 679 78
125 176 972 937 41
206 436 728 570 78
20 278 628 850 27
81 376 344 777 23
111 338 230 569 37
361 461 290 412 47
8 398 953 816 48
112 186 432 298 57
53 423 280 590 37
134 392 173 666 58
180 309 727 670 84
335 376 899 254 33
60 319 821 347 30
168 294 538 185 99
305 402 459 906 55
255 464 811 194 19
52 477 707 918 6
206 403 927 616 11
62 234 650 425 66
153 483 447 235 50
43 472 195 852 34
19 133 614 485 60
124 437 215 582 2
165 442 325 539 31
135 218 821 544 80
322 398 741 549 26
466 484 685 718 41
276 443 588 123 69
151 317 289 715 75
246 345 448 548 31
168 248 752 404 91
280 343 624 455 88
128 196 514 552 10
10 231 186 118 77
98 257 712 199 11
192 263 651 662 65
201 363 813 915 28
244 396 892 258 86
7 104 599 791 7
12 418 550 947 3
59 211 441 801 50
37 205 412 469 78
98 403 131 429 80
229 449 774 587 59
89 125 336 414 22
281 486 414 250 85
288 492 266 511 6
139 327 401 443 86
113 207 966 840 85
82 237 908 776 56
262 284 556 152 9
107 260 407 279 90
203 272 705 117 75
14 275 786 618 84
44 56 713 163 92
178 313 497 308 86
202 483 720 348 56
362 363 285 881 52
11 284 876 901 78
397 495 349 694 70
279 368 898 277 29
44 372 359 496 35
219 344 851 416 96
40 179 132 819 38
304 347 976 963 46
204 430 654 999 92
25 144 686 967 47
116 376 558 442 18
29 386 342 977 9
133 235 628 969 2
104 470 311 843 45
228 298 460 664 70
38 152 448 390 35
86 287 378 952 27
85 197 606 634 23
223 464 891 903 6
296 404 300 333 9
224 340 697 731 18
376 496 858 413 3
392 480 966 166 24
67 173 415 510 69
61 410 344 728 95
43 415 350 494 59
104 364 599 686 85
174 309 545 719 72
3 87 946 524 1
369 490 754 986 47
60 444 404 918 93
221 301 202 621 41
144 226 103 143 28
38 75 156 804 17
285 287 401 583 49
106 201 410 793 3
113 224 618 128 6
341 374 147 282 63
182 405 339 804 16
174 347 965 710 16
40 263 636 597 16
274 479 749 386 3
176 373 758 124 81
99 442 325 988 80
191 278 145 945 59
8 246 253 738 42
88 489 812 377 45
209 263 873 654 54
71 200 615 510 79
163 194 888 397 40
22 37 978 490 19
15 253 136 548 87
32 339 378 161 43
279 496 718 448 62
124 321 379 557 75
286 416 115 477 46
146 272 707 594 87
217 390 895 389 73
2 209 651 443 17
60 157 366 145 17
273 326 185 969 58
376 398 923 892 13
86 152 940 445 14
182 430 155 386 9
46 65 634 236 87
64 408 702 841 71
284 389 687 755 8
24 494 870 796 52
288 360 315 533 1
22 215 676 242 67
209 477 233 330 52
414 432 175 131 92
252 418 979 507 11
118 140 763 312 77
298 469 643 699 60
3 258 820 583 62
200 410 457 172 51
210 457 881 613 67
190 272 135 635 51
18 35 207 121 27
242 445 947 390 8
13 339 600 775 62
97 272 519 262 81
377 405 566 338 36
87 302 627 356 7
205 461 416 973 74
49 489 870 722 99
115 215 701 497 65
30 175 347 951 98
196 304 331 980 87
72 194 858 597 78
38 294 366 121 99
30 119 428 226 48
86 398 741 122 31
128 371 124 232 61
293 309 316 731 28
277 305 853 372 12
171 377 707 183 59
91 98 623 832 62
203 456 317 378 38
85 238 938 390 24
115 162 226 159 99
89 357 562 635 79
93 409 158 407 38
375 473 378 901 69
150 257 449 304 22
175 447 730 851 83
75 481 597 204 85
128 288 596 817 58
54 259 140 277 61
193 431 213 158 79
64 77 328 864 12
101 309 729 151 28
124 312 342 678 60
203 223 480 668 61
51 489 618 618 4
291 406 534 191 78
139 231 135 413 34
437 495 221 998 64
39 453 558 169 98
82 426 562 774 62
428 469 644 999 60
147 176 519 679 19
146 232 374 802 53
88 286 691 671 100
34 176 313 873 26
153 178 577 942 16
134 254 130 608 6
141 248 488 349 73
133 364 855 525 1
11 120 627 455 23
73 207 733 959 4
76 89 130 333 86
14 37 809 623 3
141 369 972 643 90
69 341 816 388 63
147 150 279 614 84
19 76 119 288 51
66 317 905 690 75
187 439 595 711 81
1 370 323 101 64
206 249 221 220 88
105 129 135 445 86
254 286 327 325 8
104 111 330 296 25
346 396 519 565 3
154 285 107 420 3
126 281 574 657 25
170 356 803 735 2
1 457 593 153 87
113 437 638 762 71
36 87 802 695 25
154 260 164 158 59
246 470 643 219 88
9 186 439 799 89
155 283 547 227 86
133 140 106 291 64
133 402 861 590 52
331 346 226 132 80
38 443 733 152 33
224 413 102 870 66
127 387 475 531 70
199 432 635 842 52
54 374 106 144 73
345 352 695 648 93
141 476 356 710 4
124 371 343 548 43
371 460 522 822 62
254 341 142 279 49
111 315 373 704 89
89 91 388 305 100
122 218 807 583 98
253 413 106 691 59
77 132 185 322 94
126 467 775 645 23
164 334 812 671 88
85 176 765 462 62
203 217 662 255 28
300 301 972 160 79
355 427 231 326 52
133 220 173 684 24
252 378 111 889 98
197 246 559 916 77
31 256 382 705 22
76 270 529 983 67
395 412 956 956 100
19 30 585 442 67
26 94 308 223 13
5 101 602 567 98
237 363 811 899 46
25 69 879 766 31
97 211 133 888 5
199 441 945 240 65
36 397 176 770 12
210 311 817 252 98
11 408 139 631 67
186 346 481 221 78
106 431 846 495 35
285 407 844 869 74
133 491 610 366 21
271 340 673 347 98
72 236 129 399 56
218 227 256 239 91
143 386 901 631 35
237 442 558 361 12
298 376 722 455 75
80 458 403 180 74
209 496 631 728 12
122 402 624 777 19
62 424 711 263 5
195 412 558 973 88
100 427 755 324 81
199 315 924 520 27
236 409 503 600 26
23 137 715 929 86
320 492 401 908 23
22 445 931 803 18
40 492 169 109 74
226 263 930 330 73
323 358 621 733 72
22 168 822 855 76
308 374 222 260 87
194 490 949 924 41
96 493 447 140 3
272 307 122 480 66
304 356 506 224 61
284 474 548 265 12
76 327 970 505 43
278 409 213 950 54
210 428 636 460 87
398 469 129 844 80
258 428 673 501 52
145 312 485 752 15