300 600
21 252 726 734 5
38 141 558 160 1
26 241 641 504 3
41 219 223 271 23
65 252 327 309 99
29 57 293 670 1
221 276 809 689 56
138 160 638 125 19
21 296 226 497 83
204 289 668 450 26
14 180 718 212 70
155 247 998 425 47
197 248 428 193 82
43 82 561 763 69
24 69 128 500 87
132 173 600 700 30
183 299 437 192 52
64 168 488 274 24
191 239 822 821 72
14 128 781 569 77
266 300 363 410 54
114 218 634 815 7
78 81 405 690 98
170 286 100 541 6
59 288 456 723 91
54 160 194 442 20
14 110 464 134 69
98 237 663 274 78
72 195 476 888 59
24 171 166 176 98
59 264 966 208 36
107 284 792 276 14
47 267 628 225 38
121 234 163 533 33
134 289 146 654 27
202 257 723 788 66
6 239 788 783 16
1 30 455 190 28
52 253 867 479 94
81 291 845 384 28
63 81 512 835 71
13 89 970 696 82
113 171 748 464 41
44 188 977 955 12
275 284 622 618 78
111 221 106 715 14
29 142 948 123 92
232 263 778 201 73
103 164 747 342 61
71 298 494 696 6
58 166 579 254 96
61 67 464 380 52
32 191 432 892 95
86 275 909 484 86
14 249 860 309 17
42 142 719 834 62
12 134 528 147 87
68 113 423 277 19
88 287 843 332 86
34 193 646 500 27
41 290 259 578 91
39 45 479 157 45
231 277 198 573 70
10 112 225 728 2
34 284 583 514 43
58 245 442 426 10
105 235 435 887 29
110 297 956 326 20
64 154 979 141 23
243 270 275 779 5
129 157 404 944 57
108 287 627 689 29
51 79 366 611 74
83 189 480 743 11
221 263 736 742 68
85 257 180 665 47
215 237 972 827 24
38 282 740 952 5
51 259 324 898 89
146 270 614 804 87
160 244 500 196 69
147 245 114 814 18
62 104 486 160 91
241 244 669 876 49
111 193 692 940 55
6 207 412 219 20
102 279 715 827 74
87 291 151 1000 1
105 139 725 462 85
107 113 904 406 72
53 265 867 796 20
118 167 648 506 56
73 87 196 393 76
260 278 860 747 70
144 149 104 117 66
222 253 965 482 43
206 286 813 400 100
22 96 541 796 23
32 236 466 572 81
33 300 964 802 81
52 169 958 350 19
47 133 143 342 57
3 235 434 790 79
23 55 426 353 70
41 175 815 740 75
85 127 918 190 40
97 295 731 215 58
42 84 565 903 3
35 189 501 226 57
32 126 436 456 48
88 145 466 978 76
82 165 357 884 9
78 250 211 596 86
19 86 420 742 39
103 137 442 583 71
160 197 959 203 6
13 264 882 624 40
100 202 699 994 46
201 264 340 680 21
109 111 213 886 97
178 246 737 126 13
26 210 555 915 3
102 184 933 358 59
140 225 128 988 22
5 84 831 970 38
72 230 759 339 4
22 101 322 807 98
226 285 307 132 72
127 225 894 423 62
155 160 473 151 51
95 195 234 413 87
35 267 367 907 47
73 171 418 972 22
6 73 660 340 96
201 244 508 432 16
248 269 104 409 7
241 252 174 299 25
138 285 897 393 23
129 146 545 484 32
59 191 657 419 77
65 78 681 536 46
2 297 970 314 78
205 213 891 211 35
1 199 113 719 95
18 83 335 906 47
52 260 262 191 96
31 297 808 684 9
233 240 696 459 100
13 106 894 351 71
46 216 230 614 41
37 278 309 168 77
76 169 532 276 75
16 69 967 709 92
20 32 849 144 59
7 80 591 884 40
10 219 861 236 54
87 200 782 482 80
96 126 162 101 22
19 97 612 461 75
174 209 204 715 65
43 225 757 846 19
78 172 213 599 17
189 242 293 651 11
129 207 680 554 81
61 142 981 647 32
173 189 572 563 11
68 201 715 207 65
26 222 203 199 67
7 148 209 895 14
85 130 574 787 10
59 230 980 221 40
37 170 881 766 81
150 275 867 118 16
79 259 156 191 44
108 196 300 646 33
116 118 489 796 8
68 147 991 644 9
175 178 906 926 60
73 167 258 413 76
15 168 934 766 71
109 164 419 332 50
125 180 470 328 16
149 272 158 206 2
35 144 679 921 20
70 129 378 140 72
193 298 921 490 74
19 263 902 277 87
12 233 291 817 39
169 234 835 855 56
73 212 996 813 85
139 256 918 869 14
77 249 295 588 72
89 120 320 422 70
102 210 571 848 41
92 171 651 278 25
179 289 587 827 92
190 192 266 620 64
58 145 778 175 70
75 283 847 366 91
137 257 375 526 35
98 268 949 386 53
53 132 397 272 32
140 183 815 990 38
20 108 831 119 3
277 290 602 780 28
132 168 756 336 15
247 250 905 599 70
72 286 356 989 21
244 245 126 964 72
57 104 593 184 3
146 259 603 456 92
217 250 708 340 64
83 94 873 671 50
64 112 519 663 58
22 31 564 226 64
25 59 435 502 18
44 287 566 102 8
57 167 335 888 7
74 152 192 166 90
242 261 839 679 56
44 278 319 109 17
41 211 836 181 55
187 198 510 484 38
110 205 626 408 64
69 296 837 726 100
95 187 901 197 75
130 167 251 485 44
99 203 619 716 37
55 202 699 920 14
135 276 525 991 8
9 105 593 657 41
37 85 293 596 16
182 236 977 775 1
65 223 576 410 62
6 105 858 705 68
75 172 541 179 25
163 222 601 960 7
14 188 866 930 62
7 52 932 529 20
162 250 141 352 70
110 133 472 644 85
122 203 518 878 7
115 209 209 783 29
54 252 151 682 78
264 293 150 594 78
163 165 193 901 75
67 176 571 739 45
46 205 939 321 87
102 257 883 576 5
194 201 264 887 97
141 269 446 617 27
110 232 112 132 51
59 223 407 745 20
194 271 773 723 57
106 158 119 246 88
74 207 876 165 41
181 261 489 144 66
12 247 883 724 38
36 42 831 656 47
8 95 348 953 83
101 213 822 884 95
80 243 262 308 75
50 64 274 283 71
229 232 173 470 70
62 269 498 246 33
59 284 140 460 32
23 60 146 301 46
176 277 881 687 44
2 153 426 433 75
117 275 545 788 10
125 216 603 779 46
54 90 126 155 27
175 272 188 461 97
103 258 834 104 76
101 199 295 820 43
7 217 510 196 44
17 151 113 663 20
113 227 563 976 59
20 231 821 889 29
248 283 331 485 56
78 104 256 979 24
188 249 748 562 73
31 179 920 478 11
168 282 783 839 45
39 146 203 290 71
108 265 452 404 50
147 268 939 333 12
242 266 659 817 72
113 221 758 955 5
62 154 950 321 98
65 199 761 576 49
19 154 874 769 2
67 156 745 851 72
30 184 426 672 45
23 247 400 932 34
90 146 283 874 96
256 264 234 113 46
149 223 184 407 45
108 239 477 880 94
33 245 662 216 95
99 213 876 632 4
81 145 886 197 89
54 275 258 296 72
234 240 547 384 22
168 206 301 418 94
18 221 227 295 96
40 287 405 528 98
238 241 772 721 66
180 252 841 555 35
86 161 686 497 48
248 255 627 126 28
34 167 816 264 34
42 70 745 385 3
213 215 759 917 77
7 105 169 220 93
30 258 418 796 99
154 266 348 988 74
179 246 411 559 10
43 193 827 827 59
9 80 759 401 8
127 162 276 773 62
91 267 265 236 16
16 50 517 219 36
221 243 790 167 26
170 222 735 240 85
3 139 151 443 33
144 264 202 780 90
56 209 120 504 70
47 155 116 690 79
169 176 165 928 31
67 294 689 820 98
1 56 719 887 76
44 211 117 886 66
264 300 733 428 46
42 285 713 742 96
180 256 601 842 6
26 152 849 333 41
146 178 708 176 10
252 288 953 752 40
83 229 770 431 23
57 230 663 895 60
187 275 872 471 98
18 50 663 739 26
42 225 471 713 40
36 55 128 260 35
212 278 632 975 46
164 237 731 664 62
17 248 161 640 6
153 154 719 307 12
162 296 363 156 55
26 30 672 604 100
100 270 723 208 10
211 248 543 852 51
85 175 479 888 35
128 230 691 853 94
13 280 378 718 23
139 149 969 371 66
57 289 688 335 73
20 281 586 789 1
229 259 677 395 87
92 185 275 850 71
54 183 423 798 50
111 114 582 213 44
176 185 511 174 57
251 274 328 986 19
90 176 640 593 50
12 70 346 486 91
29 275 962 307 10
16 227 197 888 99
57 207 880 453 40
71 89 357 196 69
12 242 192 291 41
223 231 581 647 25
191 215 429 635 89
9 298 532 943 81
129 249 116 647 6
76 240 728 601 89
89 157 996 766 65
15 141 383 461 64
28 291 314 390 67
103 282 617 226 97
163 194 944 390 72
77 178 613 681 89
71 227 630 869 38
227 256 783 547 60
84 231 541 278 35
149 187 520 987 79
60 228 939 947 78
213 298 650 879 29
44 284 136 220 40
153 287 541 499 19
95 219 732 662 61
70 188 865 357 93
119 222 750 150 92
232 298 473 490 50
26 95 724 517 68
117 247 486 381 91
104 160 636 577 5
91 264 718 554 72
32 43 570 605 51
134 151 812 372 17
15 78 768 493 17
88 90 222 712 50
120 143 114 866 37
8 115 502 557 92
76 241 979 776 67
130 135 850 735 86
101 191 477 197 60
198 211 835 320 48
180 247 149 771 65
50 51 334 777 48
153 252 687 994 39
103 179 861 960 38
235 238 506 118 90
75 185 468 568 26
100 214 935 811 2
31 241 912 601 65
6 223 372 709 79
58 228 893 724 2
51 246 633 135 9
82 192 166 474 35
170 276 638 323 22
60 186 203 194 100
76 227 473 490 89
182 202 227 750 32
15 288 610 860 78
259 279 781 127 14
51 152 568 912 27
32 64 209 907 70
209 251 489 622 28
123 267 494 535 37
77 244 587 151 73
24 68 831 820 2
23 73 776 245 58
56 288 278 153 83
286 296 277 862 81
60 283 752 571 30
134 281 653 326 11
30 173 821 539 37
76 198 668 969 74
86 238 600 646 99
10 229 904 314 9
40 170 753 788 60
24 119 136 832 69
237 269 935 991 41
19 264 140 754 8
169 253 318 747 30
42 48 572 841 22
171 291 143 158 86
228 285 227 393 67
55 110 235 265 9
126 132 958 450 32
194 211 932 404 72
24 300 548 534 38
124 146 289 200 79
105 158 557 227 95
226 247 259 484 57
37 197 277 344 94
58 220 621 473 91
103 165 709 513 49
155 163 296 956 81
31 75 945 247 10
35 274 564 275 86
98 138 723 176 25
37 112 773 742 53
64 228 692 588 2
65 231 654 511 60
89 229 854 135 18
60 265 912 430 25
87 160 529 703 9
103 169 583 900 100
178 255 701 243 37
263 292 361 930 26
13 134 807 676 20
1 77 490 159 82
73 181 656 737 56
54 159 225 750 51
26 75 100 964 25
201 270 675 265 76
170 253 557 206 43
207 250 308 830 35
117 173 703 615 88
15 285 984 104 74
208 210 670 512 33
190 298 457 150 26
156 208 541 832 28
56 197 410 789 88
11 47 180 558 14
228 298 299 994 37
78 177 824 109 30
90 279 561 142 8
138 212 638 758 20
91 297 774 733 75
94 159 457 973 46
235 251 332 818 100
124 265 630 983 90
118 292 638 767 74
255 270 167 784 82
147 275 606 244 65
101 160 654 918 81
70 123 776 335 71
89 277 402 788 85
85 230 363 434 27
70 87 311 356 9
39 158 837 747 98
179 187 339 596 97
3 150 108 591 57
116 228 823 718 2
77 194 682 865 37
66 204 432 152 62
4 133 380 530 79
114 197 531 422 39
139 170 887 792 50
85 248 599 409 4
156 227 389 615 55
113 132 445 852 51
47 53 742 295 64
293 300 509 171 49
1 17 133 472 84
34 279 484 771 1
138 184 878 178 12
46 199 767 509 28
73 230 164 189 35
110 167 903 535 58
169 204 751 971 53
144 225 937 879 44
96 138 998 189 95
208 295 785 922 8
218 290 810 679 77
230 248 695 700 58
244 275 505 833 67
5 70 165 559 89
31 79 542 420 26
66 283 527 332 23
266 282 565 162 33
87 103 298 708 4
78 283 326 954 95
45 121 593 514 65
31 74 514 485 17
170 254 861 885 20
53 164 504 502 63
128 288 841 619 3
2 283 324 626 4
58 106 473 463 56
149 218 627 166 43
48 244 903 542 52
2 217 811 506 95
50 151 178 822 50
109 296 599 945 97
265 294 452 909 12
257 263 229 491 62
132 256 222 784 36
103 235 493 828 83
2 45 325 643 67
127 234 891 474 63
102 274 977 464 41
103 134 680 209 48
7 233 294 171 46
218 232 316 855 9
178 229 951 401 70
70 179 369 254 60
40 153 329 639 22
33 142 748 947 70
255 272 293 194 100
229 262 963 569 11
70 141 171 248 69
23 95 705 262 61
172 298 516 704 78
83 220 245 223 95
214 266 209 495 87
147 234 701 293 48
70 119 339 438 1
7 164 330 346 41
59 263 949 332 93
144 234 951 914 3
20 84 503 486 66
93 209 458 492 31
115 138 902 189 58
231 272 841 524 2
12 271 685 542 52
109 276 293 140 95
40 160 332 379 68
253 267 287 747 68
96 268 176 980 39
178 261 120 965 37
98 215 478 920 45
83 175 834 992 28
78 130 436 396 23
36 173 713 724 82
122 219 451 776 53
61 71 620 257 41
5 148 401 536 78
160 213 251 156 11
118 186 648 179 65
61 146 126 434 19
141 171 473 159 59
119 221 394 232 37
11 245 197 876 18
99 125 876 642 89
71 232 617 244 75
